image: map_easy3.png
resolution: 0.02
#origin: [-1.04112  ,-7.449792,0.000000]
origin: [-2.7  ,-19.32,0.000000]
negate: 0
occupied_thresh: 0.45
free_thresh: 0.196
starting_angle: 1.745329
default_resolution: 0.02
